1 13 343
2 43 343
3 19 343
4 10 343
5 19 343
6 86 343
7 13 343
8 101 343
9 2 343
10 1 343
11 48 343
12 13 343
13 5 343
14 10 343
15 74 343
16 74 343
17 104 343
18 19 343
19 19 343
20 20 343
21 12 343
22 13 343
23 20 343
24 80 344
25 75 344
26 98 344
27 109 344
28 101 344
29 57 344
30 38 344
31 101 344
32 58 344
33 105 344
34 78 344
35 47 344
36 52 344
37 58 344
38 101 344
39 10 344
40 71 344
41 87 344
42 69 344
43 50 344
44 67 344
45 10 344
46 57 344
47 71 344
48 50 344
49 24 345
50 54 345
51 22 345
52 57 345
53 96 345
54 90 345
55 109 345
56 4 345
57 4 345
58 64 345
59 23 345
60 96 345
61 58 345
62 109 345
63 107 345
64 96 345
65 79 345
66 62 345
67 24 345
68 67 345
69 6 345
70 53 345
71 60 345
72 5 346
73 9 346
74 16 346
75 93 346
76 36 346
77 63 346
78 40 346
79 9 346
80 102 346
81 6 346
82 97 346
83 24 346
84 49 346
85 72 346
86 82 346
87 63 346
88 27 346
89 63 346
90 58 346
91 28 346
92 87 346
93 78 346
94 8 346
95 21 347
96 101 347
97 41 347
98 71 347
99 74 347
100 8 347
101 72 347
102 24 347
103 25 347
104 62 347
105 5 347
106 24 347
107 107 347
108 24 347
109 25 347
110 57 347
111 54 347
112 88 347
113 83 347
114 81 347
115 10 347
116 88 347
117 45 347
118 35 348
119 68 348
120 3 348
121 68 348
122 52 348
123 72 348
124 73 348
125 71 348
126 3 348
127 73 348
128 58 348
129 73 348
130 3 348
131 37 348
132 73 348
133 61 348
134 91 348
135 73 348
136 67 348
137 70 348
138 86 348
139 73 348
140 107 348
141 55 349
142 14 349
143 65 349
144 30 349
145 89 349
146 92 349
147 92 349
148 84 349
149 77 349
150 107 349
151 101 349
152 89 349
153 92 349
154 92 349
155 106 349
156 62 349
157 59 349
158 51 349
159 84 349
160 29 349
161 77 349
162 14 349
163 66 349
164 37 350
165 103 350
166 15 350
167 8 350
168 33 350
169 94 350
170 8 350
171 100 350
172 95 350
173 39 350
174 98 350
175 95 350
176 17 350
177 46 350
178 78 350
179 26 350
180 100 350
181 78 350
182 71 350
183 46 350
184 32 350
185 18 350
186 15 350
187 20 351
188 85 351
189 34 351
190 50 351
191 42 351
192 108 351
193 104 351
194 11 351
195 97 351
196 99 351
197 44 351
198 67 351
199 42 351
200 76 351
201 49 351
202 37 351
203 20 351
204 44 351
205 11 351
206 70 351
207 85 351
208 31 351
209 12 351
210 11 351
211 74 352
212 58 352
213 105 352
214 67 352
215 10 352
216 10 352
217 74 352
218 74 352
219 8 352
220 13 352
221 7 352
222 10 352
223 10 352
224 8 352
225 24 352
226 8 352
227 87 352
228 5 352
229 57 352
230 74 352
231 50 352
232 56 352
233 10 352